start=6939.208000
volume=68.000000
fullscreen=no
gamma=10
saturation=51
