start=4271.100167
volume=110.000000
brightness=-1
