start=407.570000
volume=80.000000
