start=844.397000
volume=120.000000
