start=6721.625000
volume=150.000000
