start=336.109000
volume=114.000000
