start=7876.223000
volume=160.000000
