start=7642.166667
volume=120.000000
