start=2120.355000
volume=0.000000
mute=yes
