start=5726.137083
volume=120.000000
