start=7029.742278
volume=160.000000
