start=5959.161542
volume=110.000000
