start=4999.599600
volume=130.000000
