start=7068.019292
volume=180.000000
