start=5070.732333
volume=140.000000
fullscreen=no
