start=47.881167
volume=100.000000
