start=209.125000
volume=250.000000
