start=5246.307733
volume=170.000000
