start=7106.432667
volume=150.000000
