start=5694.080000
volume=148.000000
