start=7701.663000
volume=96.000000
