start=5840.918417
volume=140.000000
