start=4943.605333
volume=140.000000
fullscreen=no
