start=4941.966667
volume=140.000000
