start=2075.865458
volume=100.000000
