start=15140.891000
volume=120.000000
