start=1014.760000
volume=70.000000
