start=5212.120000
volume=100.000000
