start=474.666667
sub-delay=-0.000000
