start=4175.083333
volume=110.000000
