start=381.400000
speed=1.502630
pause=yes
volume=100.000000
fullscreen=no
