start=244.979000
volume=100.000000
