start=1064.933333
speed=1.464100
