start=5861.689167
volume=130.000000
fullscreen=no
