start=5395.390000
volume=130.000000
