start=5220.840625
volume=150.000000
