start=1436.133333
volume=128.000000
