start=112.600000
speed=1.331000
