start=29.833000
volume=260.000000
fullscreen=no
