start=5114.600000
volume=130.000000
