start=9672.873000
volume=102.000000
