start=5532.167000
volume=140.000000
