start=5732.466667
volume=120.000000
