start=7183.062169
volume=150.000000
fullscreen=no
