start=1039.600000
volume=56.000000
