start=5327.697000
volume=110.000000
