start=385.500000
speed=2.000000
