start=7732.343000
volume=100.000000
