start=8098.160000
volume=130.000000
