start=3002.958292
pause=yes
volume=120.000000
