start=989.160000
volume=60.000000
