start=678.100000
volume=150.000000
