start=4749.640000
volume=140.000000
