start=5205.800600
volume=150.000000
