start=6684.595000
volume=140.000000
fullscreen=no
