start=8227.135583
volume=200.000000
