start=641.636000
speed=1.210000
volume=114.000000
