start=8154.280000
volume=130.000000
