start=8237.896333
volume=100.000000
