start=6369.000000
volume=166.000000
