start=7091.400000
volume=120.000000
