start=935.935000
speed=1.464100
pause=yes
volume=70.000000
fullscreen=no
