start=850.208000
volume=160.000000
