start=4569.648417
volume=140.000000
