start=7710.119083
volume=90.000000
