start=4459.345000
volume=150.000000
