start=1044.920000
volume=50.000000
