start=4160.556400
volume=110.000000
