start=0.000000
speed=0.466507
pause=yes
volume=90.000000
