start=2094.053584
pause=yes
volume=180.000000
