start=5228.089533
volume=100.000000
