start=6787.458005
volume=200.000000
fullscreen=no
