start=6264.383125
volume=190.000000
