start=4554.875000
volume=170.000000
