start=316.120000
volume=120.000000
