start=6253.661000
volume=140.000000
fullscreen=no
