start=21.772978
volume=100.000000
