start=52.786100
volume=70.000000
