start=996.966667
volume=60.000000
fullscreen=no
