start=39.497792
volume=160.000000
