start=1040.120000
volume=98.000000
