start=5719.958333
volume=200.000000
