start=6062.765042
volume=200.000000
fullscreen=no
