start=7333.333000
pause=yes
volume=60.000000
