start=169.625000
volume=118.000000
