start=6288.532250
volume=128.000000
