start=320.500000
speed=2.000000
