start=7531.232042
volume=110.000000
