start=6696.560000
volume=90.000000
