start=6087.156000
volume=100.000000
fullscreen=no
