start=5172.333833
volume=100.000000
sub-pos=99
