start=995.800000
volume=40.000000
