start=8189.036000
volume=160.000000
