start=137.614000
volume=112.000000
