start=6164.950458
volume=150.000000
