start=7351.969625
volume=100.000000
