start=5512.798956
volume=120.000000
