start=1.433333
speed=1.610510
volume=110.000000
