start=6131.758967
speed=2.000000
pause=yes
volume=78.000000
