start=5485.864001
volume=200.000000
