start=8294.535000
volume=110.000000
