start=7767.583000
volume=120.000000
