start=2855.760000
volume=140.000000
fullscreen=no
