start=1167.266100
speed=1.464100
pause=yes
volume=130.000000
