start=6863.357000
pause=yes
volume=100.000000
