start=3484.040000
volume=110.000000
