start=1932.138542
volume=110.000000
fullscreen=no
