start=7315.641667
volume=170.000000
