start=9793.450333
volume=140.000000
