start=8112.395958
pause=yes
volume=80.000000
